2.13 34.8 1416.0 99.12
2.349 34.8 1186.0 83.02
2.536 34.8 909.6 63.67199999999999
2.722 34.8 682.1 47.74700000000001
2.909 34.8 558.9 39.123
3.097 34.8 489.3 34.251
3.221 34.8 400.9 28.062999999999995
3.317 34.8 419.0 29.330000000000002
3.41 34.8 375.1 26.257
3.505 34.8 358.8 25.116
3.692 34.8 287.50000000000006 20.125
3.817 34.8 269.0 18.83
3.912 34.8 257.3 18.011
4.006 34.8 246.10000000000002 17.227
4.164 34.8 235.4 16.478
4.291 34.8 230.2 16.114
4.385 34.8 230.2 16.114
4.512 34.8 235.3 16.471
4.639 34.8 230.1 16.107
4.734 34.8 225.0 15.75
4.861 34.8 230.0 16.1
4.956 34.8 229.90000000000003 16.093
5.083 34.8 245.7 17.198999999999998
5.305 34.8 240.2 16.814
5.496 34.8 256.6 17.962000000000003
5.623 34.8 262.2 18.354
5.845 34.8 268.0 18.76
6.034 34.8 256.3 17.941000000000003
6.131 34.8 292.6 20.482
6.607 34.8 298.9 20.923
7.145 34.8 292.1 20.447000000000003
7.651 34.8 279.2 19.544
8.222 34.8 278.9 19.522999999999996
8.632 34.8 255.1 17.857000000000003
9.14 34.8 278.4 19.488
9.647 34.8 272.0 19.040000000000003
10.12 34.8 290.4 20.328
1.457 40.5 836.9 58.583
1.652 40.5 630.8 44.156
1.877 40.5 507.4 35.518
2.071 40.5 399.4 27.958000000000002
2.265 40.5 335.6 23.492
2.458 40.5 281.9 19.733
2.586 40.5 258.4 18.087999999999997
2.715 40.5 236.8 16.576
2.811 40.5 226.7 15.869000000000002
2.938 40.5 221.8 15.526
3.131 40.5 194.6 13.622
3.227 40.5 190.4 13.328000000000001
3.386 40.5 186.20000000000002 13.033999999999999
3.609 40.5 182.2 12.754
3.768 40.5 178.2 12.474
3.959 40.5 182.0 12.740000000000002
4.149 40.5 182.0 12.740000000000002
4.308 40.5 185.9 13.013
4.403 40.5 189.9 13.293
4.498 40.5 194.1 13.587
4.626 40.5 194.0 13.58
4.784 40.5 202.6 14.181999999999999
4.88 40.5 198.2 13.874
5.006 40.5 211.5 14.805000000000001
5.133 40.5 211.4 14.797999999999998
5.292 40.5 211.3 14.791
5.387 40.5 215.9 15.113000000000001
5.45 40.5 230.40000000000003 16.128
5.959 40.5 235.3 16.471
6.5 40.5 229.90000000000003 16.093
6.977 40.5 215.2 15.064000000000002
7.582 40.5 215.0 15.049999999999999
9.458 40.5 214.10000000000002 14.987
1.334 46.2 559.0 39.129999999999995
1.525 46.2 622.5 43.575
1.716 46.2 524.0 36.68
1.939 46.2 396.1 27.727000000000004
2.129 46.2 333.5 23.345
2.352 46.2 268.9 18.822999999999997
2.543 46.2 236.3 16.541
2.734 46.2 198.90000000000003 13.923
2.861 46.2 190.6 13.342
2.988 46.2 182.5 12.775
3.052 46.2 182.5 12.775
3.211 46.2 174.8 12.236
3.401 46.2 160.4 11.228000000000002
3.529 46.2 153.6 10.752
3.688 46.2 153.6 10.752
3.847 46.2 153.6 10.752
3.942 46.2 153.6 10.752
4.069 46.2 153.6 10.752
4.196 46.2 160.4 11.228000000000002
4.387 46.2 156.9 10.983000000000002
4.546 46.2 160.30000000000004 11.221000000000002
4.769 46.2 163.8 11.466000000000001
4.96 46.2 167.40000000000003 11.718000000000004
5.087 46.2 167.40000000000003 11.718000000000004
5.278 46.2 174.7 12.229000000000001
5.437 46.2 178.5 12.495000000000001
5.691 46.2 171.0 11.969999999999999
5.818 46.2 194.5 13.615
6.264 46.2 194.5 13.615
6.804 46.2 190.3 13.321000000000002
7.313 46.2 186.3 13.041000000000002
7.917 46.2 186.20000000000002 13.033999999999999
8.299 46.2 167.2 11.703999999999999
8.808 46.2 174.50000000000003 12.215
9.317 46.2 174.50000000000003 12.215
9.825 46.2 186.1 13.027000000000001
1.12 51.8 309.3 21.651
1.304 51.8 426.8 29.876
1.529 51.8 359.20000000000005 25.144000000000002
1.724 51.8 283.50000000000006 19.845
1.95 51.8 233.5 16.345
2.144 51.8 196.5 13.755
2.337 51.8 176.4 12.348
2.53 51.8 155.0 10.85
2.657 51.8 148.5 10.395000000000001
2.721 51.8 145.3 10.171000000000001
2.848 51.8 142.2 9.953999999999999
3.04 51.8 133.3 9.331000000000001
3.167 51.8 130.4 9.128
3.295 51.8 127.6 8.932
3.422 51.8 124.8 8.736
3.517 51.8 124.8 8.736
3.771 51.8 124.8 8.736
3.866 51.8 124.7 8.729000000000001
4.024 51.8 124.7 8.729000000000001
4.183 51.8 122.0 8.54
4.31 51.8 124.60000000000001 8.722
4.436 51.8 127.3 8.911000000000001
4.562 51.8 130.1 9.107
4.69 51.8 127.3 8.911000000000001
4.879 51.8 130.0 9.1
5.038 51.8 127.2 8.904
5.196 51.8 132.7 9.289
5.259 51.8 135.6 9.491999999999999
5.386 51.8 132.7 9.289
5.482 51.8 129.80000000000004 9.086
5.575 51.8 141.50000000000003 9.905000000000001
6.083 51.8 141.3 9.891
6.59 51.8 138.2 9.674
7.067 51.8 129.5 9.065
7.671 51.8 121.2 8.484
9.573 51.8 126.1 8.827
1.303 57.4 244.10000000000002 17.087
1.49 57.4 333.1 23.317000000000004
1.683 57.4 285.7 19.999
1.908 57.4 229.40000000000003 16.058
2.133 57.4 192.5 13.475
2.326 57.4 168.8 11.816
2.519 57.4 144.8 10.136000000000001
2.71 57.4 135.5 9.485000000000001
2.775 57.4 126.9 8.883000000000001
2.966 57.4 124.2 8.693999999999999
3.093 57.4 124.10000000000001 8.687000000000001
3.189 57.4 118.8 8.315999999999999
3.316 57.4 116.20000000000002 8.134
3.444 57.4 113.7 7.958999999999999
3.54 57.4 108.8 7.6160000000000005
3.635 57.4 108.8 7.6160000000000005
3.731 57.4 106.5 7.455
3.985 57.4 106.5 7.455
4.144 57.4 111.2 7.784000000000001
4.335 57.4 106.5 7.455
4.494 57.4 106.4 7.448
4.653 57.4 106.4 7.448
4.748 57.4 108.8 7.6160000000000005
4.908 57.4 106.4 7.448
5.162 57.4 106.4 7.448
5.289 57.4 108.8 7.6160000000000005
5.416 57.4 111.2 7.784000000000001
5.544 57.4 106.4 7.448
5.671 57.4 106.4 7.448
6.242 57.4 118.7 8.309000000000001
6.751 57.4 113.6 7.951999999999999
7.229 57.4 104.1 7.286999999999999
7.834 57.4 99.57 6.969899999999999
8.218 57.4 87.29 6.1103000000000005
8.758 57.4 91.19 6.3833
9.235 57.4 87.27 6.1089
9.742 57.4 106.30000000000001 7.441
1.457 62.9 183.2 12.823999999999998
1.647 62.9 253.4 17.738000000000003
1.837 62.9 227.4 15.917999999999997
2.058 62.9 187.20000000000002 13.104
2.28 62.9 157.5 11.025
2.47 62.9 135.3 9.471000000000002
2.691 62.9 126.8 8.876
2.881 62.9 116.3 8.141
3.103 62.9 109.0 7.630000000000002
3.293 62.9 109.0 7.630000000000002
3.419 62.9 102.1 7.146999999999999
3.641 62.9 97.82 6.8474
3.799 62.9 93.68 6.557600000000001
3.926 62.9 95.72 6.7004
4.179 62.9 93.66 6.5562
4.369 62.9 91.66000000000001 6.416200000000001
4.527 62.9 87.77 6.1438999999999995
4.686 62.9 89.69000000000001 6.2783
4.875 62.9 91.64 6.4148
5.034 62.9 85.88 6.0116
5.16 62.9 85.88 6.0116
5.35 62.9 82.24 5.7568
5.509 62.9 85.87 6.0109
5.572 62.9 87.75000000000001 6.1425
5.762 62.9 82.23000000000002 5.7561
5.888 62.9 95.66 6.6962
6.363 62.9 85.85 6.009499999999999
6.901 62.9 77.04 5.3928
7.376 62.9 85.44 5.9808
7.978 62.9 52.19 3.6533
9.909 62.9 80.6 5.6419999999999995
5.997 68.3 69.6 4.872
6.503 68.3 68.13 4.7691
7.04 68.3 61.24 4.2868
7.513 68.3 55.050000000000004 3.8535000000000004
8.082 68.3 51.64 3.6148000000000002
8.523 68.3 44.48 3.1136
9.03 68.3 45.44 3.1807999999999996
9.504 68.3 41.72 2.9204
10.01 68.3 45.44 3.1807999999999996
5.505 73.7 55.94 3.9157999999999995
6.019 73.7 51.75000000000001 3.6225
6.505 73.7 46.02 3.2214000000000005
6.99 73.7 39.35 2.7545000000000006
7.59 73.7 32.32 2.2624
7.987 73.7 26.07 1.8249
8.506 73.7 33.04 2.3127999999999997
8.988 73.7 23.2 1.624
9.477 73.7 25.62 1.7934000000000003
1.762 79.1 175.3 12.271
1.955 79.1 142.3 9.961
2.176 79.1 113.3 7.931000000000001
2.372 79.1 99.12 6.938400000000001
2.569 79.1 90.08 6.305600000000001
2.74 79.1 86.65 6.065500000000001
2.967 79.1 80.23 5.6161
3.053 79.1 80.19 5.6133
3.254 79.1 81.62000000000002 5.7134
3.311 79.1 81.59 5.7113000000000005
3.539 79.1 78.45 5.491500000000001
3.682 79.1 76.92 5.3844
3.824 79.1 74.0 5.18
3.938 79.1 72.57 5.079899999999999
4.137 79.1 71.12 4.978400000000001
4.337 79.1 69.71 4.8797
4.479 79.1 65.81 4.6067
4.563 79.1 63.34000000000001 4.433800000000001
4.62 79.1 62.13 4.349100000000001
4.847 79.1 58.62 4.1034
4.99 79.1 58.57000000000001 4.0999
5.188 79.1 54.24 3.7968
5.246 79.1 54.230000000000004 3.7961
5.416 79.1 51.18000000000001 3.5826000000000007
5.615 79.1 49.23 3.4460999999999995
5.728 79.1 46.480000000000004 3.2536
5.898 79.1 43.88 3.0716
6.014 79.1 46.4 3.248
6.527 79.1 42.09 2.9463000000000004
7.009 79.1 36.76 2.5732
7.52 79.1 32.11 2.2477
8.119 79.1 29.11 2.0377
8.514 79.1 24.5 1.7149999999999999
9.057 79.1 23.51 1.6457000000000002
9.541 79.1 21.33 1.4930999999999999
10.06 79.1 26.67 1.8669000000000002
0.9112 84.3 150.8 10.556000000000001
1.113 84.3 136.8 9.576
1.345 84.3 106.30000000000001 7.441
1.548 84.3 89.32 6.2524
1.749 84.3 84.26 5.8982
1.951 84.3 81.03 5.6721
2.152 84.3 74.97 5.2479000000000005
2.267 84.3 76.42 5.349400000000001
2.41 84.3 73.51 5.145700000000001
2.497 84.3 72.09 5.046300000000001
2.611 84.3 73.48 5.1436
2.783 84.3 74.9 5.243
2.927 84.3 73.45 5.1415000000000015
3.099 84.3 70.64000000000001 4.9448
3.3 84.3 70.62 4.9434000000000005
3.472 84.3 66.62000000000002 4.663400000000001
3.673 84.3 64.07 4.4849
3.904 84.3 57.02 3.991400000000001
4.048 84.3 57.01 3.9907
4.162 84.3 55.91 3.9137
4.278 84.3 52.74 3.6917999999999997
4.422 84.3 49.76 3.4832
4.566 84.3 47.86 3.3502
4.681 84.3 46.03 3.2221
4.882 84.3 45.14 3.1598
4.968 84.3 43.42 3.0394
5.112 84.3 40.96 2.8672
5.226 84.3 42.57 2.9799
5.772 84.3 37.87 2.6509000000000005
6.261 84.3 33.05 2.3135
6.78 84.3 27.74 1.9417999999999997
7.355 84.3 23.74 1.6618
7.783 84.3 26.65 1.8655000000000002
8.275 84.3 18.790000000000003 1.3153
1.06 89.5 107.6 7.532000000000001
1.261 89.5 131.7 9.219
1.461 89.5 111.6 7.811999999999999
1.662 89.5 92.84 6.4988
1.862 89.5 81.6 5.712
2.034 89.5 74.42 5.2094000000000005
2.263 89.5 71.72 5.0203999999999995
2.492 89.5 70.41 4.928699999999999
2.664 89.5 70.41 4.928699999999999
2.836 89.5 71.71 5.019699999999999
3.008 89.5 67.86 4.7501999999999995
3.151 89.5 69.11 4.8377
3.38 89.5 66.61 4.662700000000001
3.638 89.5 65.39 4.5773
3.839 89.5 64.19 4.4933000000000005
4.125 89.5 57.47 4.0229
4.411 89.5 54.38 3.806600000000001
4.641 89.5 48.69 3.4083000000000006
4.87 89.5 45.23 3.1660999999999997
5.128 89.5 42.79 2.9953
5.357 89.5 36.93 2.5851
5.529 89.5 39.03 2.7321000000000004
6.044 89.5 35.59 2.4913000000000007
6.531 89.5 30.71 2.1497
7.047 89.5 27.490000000000002 1.9243
7.62 89.5 25.07 1.7549000000000001
8.049 89.5 22.86 1.6002000000000003
8.565 89.5 20.85 1.4595000000000002
9.08 89.5 19.72 1.3803999999999998
9.596 89.5 17.99 1.2592999999999999
1.314 94.6 104.00000000000001 7.28
1.517 94.6 126.4 8.848000000000003
1.744 94.6 108.10000000000001 7.567
1.942 94.6 85.55 5.9885
2.141 94.6 74.62 5.223400000000001
2.34 94.6 66.38 4.6466
2.541 94.6 65.1 4.5569999999999995
2.741 94.6 61.400000000000006 4.298
2.855 94.6 62.61 4.3827
2.999 94.6 62.61 4.3827
3.142 94.6 63.84000000000001 4.468800000000001
3.286 94.6 63.84000000000001 4.468800000000001
3.372 94.6 63.84000000000001 4.468800000000001
3.515 94.6 63.84000000000001 4.468800000000001
3.544 94.6 63.84000000000001 4.468800000000001
3.687 94.6 61.400000000000006 4.298
3.945 94.6 61.400000000000006 4.298
4.059 94.6 57.9 4.053
4.145 94.6 60.21 4.2147
4.288 94.6 55.69 3.8983
4.516 94.6 51.51 3.6057
4.716 94.6 49.54 3.4678
4.887 94.6 44.93 3.1451000000000007
5.058 94.6 43.21 3.0247000000000006
5.286 94.6 38.440000000000005 2.6908
5.43 94.6 38.440000000000005 2.6908
5.601 94.6 35.55 2.4884999999999997
5.801 94.6 34.86 2.4402
6.316 94.6 32.25 2.2575000000000003
6.802 94.6 29.25 2.0475
7.316 94.6 24.54 1.7178
7.917 94.6 20.99 1.4692999999999998
9.373 94.6 12.89 0.9023000000000001
9.863 94.6 15.66 1.0962
1.464 99.6 96.21 6.734700000000001
1.667 99.6 116.4 8.148000000000003
1.864 99.6 89.15 6.240500000000001
2.062 99.6 73.7 5.159
2.289 99.6 62.1 4.3469999999999995
2.46 99.6 58.65 4.105500000000001
2.688 99.6 54.35 3.8045
2.918 99.6 55.39 3.8773000000000004
3.033 99.6 56.45000000000001 3.9515000000000002
3.291 99.6 60.91 4.2637
3.434 99.6 58.64000000000001 4.104800000000001
3.606 99.6 59.76 4.1832
3.749 99.6 58.63 4.104100000000001
3.921 99.6 58.63 4.104100000000001
4.007 99.6 58.63 4.104100000000001
4.206 99.6 53.3 3.7310000000000003
4.35 99.6 53.3 3.7310000000000003
4.464 99.6 50.34 3.5238000000000005
4.606 99.6 47.55 3.3285000000000005
4.692 99.6 46.65 3.2655
4.892 99.6 45.77 3.2039000000000004
5.063 99.6 41.61 2.9127
5.376 99.6 37.12 2.5984
5.634 99.6 35.73 2.5010999999999997
5.833 99.6 31.88 2.2316
5.947 99.6 30.69 2.1483000000000003
6.433 99.6 28.43 1.9900999999999998
6.919 99.6 25.85 1.8095
7.432 99.6 21.78 1.5246000000000004
8.033 99.6 20.960000000000004 1.4672
8.462 99.6 19.060000000000002 1.3342
8.948 99.6 17.660000000000004 1.2362
9.463 99.6 17.32 1.2124
9.922 99.6 18.69 1.3083
1.477 104.6 92.55 6.4785
1.675 104.6 114.5 8.015
1.85 104.6 85.66 5.9962
2.082 104.6 69.24 4.8468
2.285 104.6 58.17 4.0719
2.487 104.6 51.790000000000006 3.6253
2.717 104.6 51.790000000000006 3.6253
2.86 104.6 52.81 3.6967
3.003 104.6 53.84 3.7688000000000006
3.118 104.6 53.84 3.7688000000000006
3.261 104.6 54.89 3.8423000000000003
3.404 104.6 54.89 3.8423000000000003
3.547 104.6 58.17 4.0719
3.777 104.6 55.96 3.9172000000000002
3.892 104.6 53.84 3.7688000000000006
4.035 104.6 52.81 3.6967
4.265 104.6 51.790000000000006 3.6253
4.38 104.6 48.87 3.4208999999999996
4.496 104.6 47.02 3.2914000000000003
4.611 104.6 45.23 3.1660999999999997
4.726 104.6 44.37 3.1059
4.841 104.6 43.52 3.0464
4.956 104.6 41.86 2.9302
5.158 104.6 38.0 2.66
5.359 104.6 35.17 2.4619
5.648 104.6 31.32 2.1924
5.82 104.6 29.55 2.0685000000000007
5.906 104.6 30.720000000000002 2.1504
6.393 104.6 30.720000000000002 2.1504
6.911 104.6 25.81 1.8067
7.429 104.6 22.540000000000003 1.5777999999999999
8.003 104.6 20.86 1.4602
8.435 104.6 18.57 1.2999
9.441 104.6 15.610000000000001 1.0927
9.926 104.6 18.57 1.2999
1.42 109.5 90.66000000000001 6.3462
1.615 109.5 107.6 7.532000000000001
1.838 109.5 80.81 5.656700000000001
2.033 109.5 60.73 4.251099999999999
2.228 109.5 50.19 3.5133
2.395 109.5 47.39 3.3173
2.618 109.5 46.480000000000004 3.2536
2.841 109.5 46.46 3.2522
3.008 109.5 48.24 3.3768000000000002
3.175 109.5 51.06 3.5742000000000003
3.342 109.5 50.09 3.5063
3.537 109.5 51.03 3.5721
3.648 109.5 50.06 3.5042000000000004
3.815 109.5 49.1 3.4370000000000003
3.982 109.5 49.09 3.4363000000000006
4.149 109.5 48.15 3.3705
4.233 109.5 47.230000000000004 3.3061
4.4 109.5 44.6 3.122
4.567 109.5 42.92 3.0044000000000004
4.706 109.5 41.31000000000001 2.8917
4.818 109.5 39.76 2.7832
4.985 109.5 36.14 2.5298
5.124 109.5 34.78 2.4346
5.263 109.5 31.61 2.2127
5.43 109.5 30.42 2.1294000000000004
5.709 109.5 26.62 1.8634000000000002
5.848 109.5 27.64 1.9348000000000005
6.321 109.5 25.6 1.792
6.823 109.5 23.7 1.6589999999999998
7.324 109.5 21.53 1.5071
7.909 109.5 19.93 1.3951
8.326 109.5 17.43 1.2201
8.828 109.5 17.42 1.2194000000000003
9.329 109.5 16.12 1.1284
9.83 109.5 17.72 1.2404
1.421 114.3 92.52 6.4764
1.615 114.3 109.5 7.665
1.81 114.3 81.1 5.677
2.033 114.3 58.97 4.1279
2.228 114.3 49.81 3.4867000000000004
2.423 114.3 46.2 3.234
2.534 114.3 46.2 3.234
2.618 114.3 46.190000000000005 3.2333
2.841 114.3 45.31 3.1717000000000004
3.008 114.3 48.82 3.4174
3.23 114.3 49.73 3.4810999999999996
3.37 114.3 50.65 3.5454999999999997
3.509 114.3 50.64000000000001 3.5447999999999995
3.592 114.3 50.63 3.544100000000001
3.732 114.3 48.76 3.4132
3.871 114.3 48.75 3.4125
3.982 114.3 49.66 3.4762
4.122 114.3 47.82 3.3474
4.205 114.3 47.82 3.3474
4.4 114.3 45.19 3.1632999999999996
4.511 114.3 44.34 3.1038
4.706 114.3 42.7 2.9890000000000003
4.873 114.3 38.15 2.6705
5.068 114.3 36.06 2.5242000000000004
5.235 114.3 32.22 2.2554
5.486 114.3 31.02 2.1713999999999998
5.537 114.3 28.02 1.9613999999999998
5.681 114.3 27.71 1.9397000000000002
5.82 114.3 28.23 1.9761000000000002
6.294 114.3 25.21 1.7647
6.795 114.3 23.81 1.6666999999999998
7.296 114.3 22.07 1.5449000000000002
7.853 114.3 20.46 1.4322
8.271 114.3 18.270000000000003 1.2789
8.772 114.3 19.310000000000002 1.3517
9.273 114.3 17.9 1.253
9.774 114.3 19.28 1.3496000000000001
1.393 119.1 92.46 6.4722
1.615 119.1 109.5 7.665
1.81 119.1 80.96 5.667200000000001
2.005 119.1 56.54 3.9578
2.2 119.1 47.7 3.3390000000000004
2.395 119.1 43.39 3.0373
2.59 119.1 43.37 3.0359
2.785 119.1 43.36 3.0351999999999997
2.868 119.1 43.35 3.0345
3.008 119.1 46.74 3.2718000000000007
3.175 119.1 47.61 3.3327
3.37 119.1 46.71 3.2697000000000003
3.481 119.1 46.7 3.269
3.592 119.1 45.81 3.2067
3.732 119.1 46.68 3.2676
3.927 119.1 47.55 3.3285000000000005
4.094 119.1 46.65 3.2655
4.205 119.1 47.53 3.3271
4.372 119.1 44.06 3.0842000000000005
4.567 119.1 42.41 2.9687
4.762 119.1 40.06 2.8042000000000002
4.901 119.1 37.85 2.6495
5.068 119.1 35.08 2.4556
5.263 119.1 31.91 2.2337
5.458 119.1 30.15 2.1105
5.597 119.1 26.91 1.8837000000000002
5.709 119.1 26.4 1.848
5.792 119.1 26.9 1.8830000000000002
6.294 119.1 23.55 1.6485
6.795 119.1 22.24 1.5568
7.296 119.1 20.6 1.4420000000000002
7.881 119.1 19.08 1.3356
8.299 119.1 16.71 1.1697000000000002
8.828 119.1 16.69 1.1683000000000001
9.301 119.1 15.47 1.0829
9.83 119.1 19.75 1.3825
1.615 123.7 96.01 6.720700000000002
1.84 123.7 118.1 8.267
2.03 123.7 82.5 5.775
2.221 123.7 57.62 4.033399999999999
2.441 123.7 47.69 3.3383
2.635 123.7 41.78 2.9246
2.83 123.7 41.76 2.9231999999999996
3.053 123.7 41.74000000000001 2.9218000000000006
3.164 123.7 43.34 3.0338000000000003
3.332 123.7 44.99 3.1493
3.526 123.7 44.14 3.0898000000000003
3.666 123.7 44.970000000000006 3.1479
3.75 123.7 45.82 3.2074
3.917 123.7 46.68 3.2676
4.001 123.7 46.67 3.2669
4.251 123.7 47.54 3.3278000000000003
4.446 123.7 46.63 3.264100000000001
4.641 123.7 44.89 3.1423
4.752 123.7 44.040000000000006 3.0828
4.974 123.7 42.39 2.9673
5.085 123.7 40.05 2.8034999999999997
5.168 123.7 37.84 2.6488000000000005
5.334 123.7 35.08 2.4556
5.417 123.7 33.78 2.3646000000000003
5.528 123.7 31.91 2.2337
5.694 123.7 30.720000000000002 2.1504
5.943 123.7 26.91 1.8837000000000002
6.027 123.7 27.41 1.9187
6.527 123.7 24.92 1.7444000000000002
7.028 123.7 23.53 1.6471
7.527 123.7 20.6 1.4420000000000002
8.111 123.7 18.73 1.3111000000000002
8.527 123.7 17.03 1.1921
9.058 123.7 19.41 1.3587
9.53 123.7 17.32 1.2124
10.03 123.7 19.02 1.3314000000000001
1.571 128.3 100.0 7.0
1.767 128.3 118.50000000000001 8.295
1.958 128.3 81.25 5.6875
2.148 128.3 57.85000000000001 4.0495
2.368 128.3 44.42 3.1094000000000004
2.561 128.3 41.19 2.8832999999999998
2.756 128.3 39.660000000000004 2.7762
2.951 128.3 39.660000000000004 2.7762
3.062 128.3 39.660000000000004 2.7762
3.174 128.3 41.97 2.9379000000000004
3.396 128.3 41.97 2.9379000000000004
3.647 128.3 43.59 3.0513000000000003
3.758 128.3 43.59 3.0513000000000003
3.898 128.3 45.260000000000005 3.1682000000000006
3.982 128.3 46.120000000000005 3.2284
4.093 128.3 46.120000000000005 3.2284
4.149 128.3 46.120000000000005 3.2284
4.26 128.3 46.120000000000005 3.2284
4.344 128.3 47.9 3.3529999999999998
4.455 128.3 46.120000000000005 3.2284
4.621 128.3 44.42 3.1094000000000004
4.76 128.3 43.59 3.0513000000000003
4.899 128.3 41.97 2.9379000000000004
5.037 128.3 38.92 2.7244
5.175 128.3 36.78 2.5746
5.341 128.3 34.10000000000001 2.3870000000000005
5.536 128.3 32.84 2.2988
5.729 128.3 29.320000000000004 2.0524000000000004
5.895 128.3 27.71 1.9397000000000002
6.423 128.3 26.180000000000003 1.8325999999999998
6.923 128.3 24.280000000000005 1.6996000000000002
7.422 128.3 21.68 1.5175999999999998
8.005 128.3 19.73 1.3811000000000002
8.421 128.3 16.960000000000004 1.1872
8.922 128.3 16.65 1.1654999999999998
9.421 128.3 15.15 1.0605
9.926 128.3 20.88 1.4615999999999998
1.531 132.9 97.85 6.849499999999999
1.728 132.9 122.7 8.589
1.919 132.9 87.31 6.1117
2.109 132.9 57.63 4.0341000000000005
2.301 132.9 46.81 3.2767
2.521 132.9 39.48 2.7636
2.716 132.9 38.730000000000004 2.7111
2.91 132.9 37.99 2.6593
3.106 132.9 39.44 2.7607999999999997
3.244 132.9 38.69 2.7083
3.384 132.9 39.42 2.7594000000000003
3.496 132.9 41.71 2.9197
3.691 132.9 43.3 3.031
3.774 132.9 43.29 3.0303
3.942 132.9 44.94 3.1458
4.137 132.9 46.65 3.2655
4.22 132.9 45.77 3.2039000000000004
4.304 132.9 46.64 3.2648000000000006
4.47 132.9 44.900000000000006 3.1430000000000002
4.637 132.9 44.89 3.1423
4.721 132.9 44.88 3.1416000000000004
4.97 132.9 41.60000000000001 2.9120000000000004
5.164 132.9 37.84 2.6488000000000005
5.358 132.9 34.42 2.4094
5.607 132.9 32.51 2.2757000000000005
5.718 132.9 30.14 2.1098
5.828 132.9 29.02 2.0314
5.911 132.9 27.42 1.9194000000000002
6.411 132.9 26.38 1.8465999999999998
6.911 132.9 23.98 1.6786
7.41 132.9 20.6 1.4420000000000002
7.993 132.9 18.73 1.3111000000000002
8.411 132.9 19.8 1.3860000000000001
9.411 132.9 17.0 1.1900000000000002
9.913 132.9 19.75 1.3825
1.625 137.4 105.6 7.392
1.853 137.4 127.6 8.932
2.039 137.4 87.2 6.104
2.252 137.4 59.58 4.1706
2.441 137.4 46.51 3.2557
2.632 137.4 39.93 2.7950999999999997
2.854 137.4 38.42 2.6894000000000005
3.049 137.4 37.68 2.6376
3.16 137.4 37.67 2.6369000000000002
3.3 137.4 38.39 2.6873
3.439 137.4 39.12 2.7384000000000004
3.663 137.4 41.4 2.8979999999999997
3.803 137.4 42.18 2.9526
3.944 137.4 44.650000000000006 3.1255
4.112 137.4 46.370000000000005 3.2459
4.447 137.4 48.14 3.3698
4.669 137.4 46.32 3.2424
4.836 137.4 46.31 3.2417000000000002
5.03 137.4 44.56 3.1192
5.279 137.4 41.28 2.8896000000000006
5.389 137.4 38.980000000000004 2.7285999999999997
5.526 137.4 36.81 2.5767
5.665 137.4 36.1 2.527
5.776 137.4 34.75 2.4325
5.884 137.4 30.99 2.1693000000000002
6.05 137.4 29.83 2.0881
6.55 137.4 28.15 1.9705
7.048 137.4 24.620000000000005 1.7234
7.547 137.4 22.360000000000003 1.5652
8.129 137.4 19.93 1.3951
8.543 137.4 16.78 1.1746
9.043 137.4 16.45 1.1515
9.542 137.4 14.660000000000002 1.0262000000000002
10.02 137.4 20.24 1.4168000000000003
1.731 141.8 105.5 7.385
1.919 141.8 134.0 9.38
2.135 141.8 90.99 6.3693
2.324 141.8 62.94 4.405799999999999
2.513 141.8 47.74 3.3418
2.702 141.8 39.7 2.779
2.918 141.8 39.69 2.7783
3.107 141.8 36.86 2.5802
3.35 141.8 36.18000000000001 2.5326
3.539 141.8 37.52 2.6264000000000007
3.727 141.8 40.38000000000001 2.8266000000000004
3.808 141.8 41.13000000000001 2.8791
3.943 141.8 41.89 2.9323
4.051 141.8 43.45 3.041500000000001
4.105 141.8 44.26 3.0982
4.321 141.8 46.76 3.2732
4.429 141.8 45.9 3.213
4.564 141.8 47.61 3.3327
4.699 141.8 45.89 3.2123000000000004
4.942 141.8 45.870000000000005 3.2109
5.104 141.8 45.03 3.1521000000000003
5.32 141.8 41.05 2.8735000000000004
5.563 141.8 37.43 2.6201000000000003
5.724 141.8 35.41 2.4787
5.832 141.8 33.5 2.345
5.967 141.8 31.7 2.219
6.102 141.8 29.99 2.0993
6.588 141.8 28.36 1.9852000000000003
7.074 141.8 24.46 1.7122000000000004
7.586 141.8 21.09 1.4763
8.18 141.8 17.86 1.2502
10.12 141.8 21.82 1.5274
1.407 146.2 105.7 7.398999999999999
1.593 146.2 134.3 9.401000000000002
1.786 146.2 89.57 6.2699
2.007 146.2 61.97 4.3379
2.199 146.2 46.16 3.2312
2.39 146.2 37.69 2.6383
2.579 146.2 36.33 2.5431
2.796 146.2 33.75 2.3625000000000003
2.931 146.2 33.14 2.3198000000000003
3.066 146.2 35.02 2.4514000000000005
3.146 146.2 35.67 2.4969
3.227 146.2 37.01 2.5907
3.496 146.2 39.85 2.7895000000000003
3.685 146.2 40.59 2.8413000000000004
3.819 146.2 42.9 3.003
4.007 146.2 45.34 3.1738
4.223 146.2 47.04 3.2927999999999997
4.331 146.2 46.18 3.2326
4.439 146.2 45.34 3.1738
4.52 146.2 45.34 3.1738
4.655 146.2 45.34 3.1738
4.763 146.2 45.34 3.1738
4.952 146.2 42.91 3.0037
5.142 146.2 41.36 2.8952
5.251 146.2 38.42 2.6894000000000005
5.44 146.2 37.03 2.5921000000000003
5.603 146.2 34.41 2.4086999999999996
5.711 146.2 31.96 2.2372
5.846 146.2 31.96 2.2372
6.36 146.2 28.620000000000005 2.0034
6.848 146.2 25.16 1.7611999999999999
7.363 146.2 20.93 1.4651
7.957 146.2 18.75 1.3125
8.364 146.2 15.59 1.0913000000000002
8.878 146.2 14.490000000000002 1.0143000000000002
9.392 146.2 12.51 0.8757
9.926 146.2 21.34 1.4938
1.337 150.5 107.6 7.532000000000001
1.548 150.5 141.6 9.911999999999999
1.744 150.5 94.66 6.6262
1.966 150.5 63.3 4.431
2.16 150.5 48.12 3.3684
2.352 150.5 40.07 2.8049
2.569 150.5 37.93 2.6551
2.759 150.5 33.99 2.3793000000000006
2.949 150.5 33.38 2.3366000000000002
3.137 150.5 34.62 2.4234
3.325 150.5 37.25 2.6075
3.458 150.5 40.07 2.8049
3.646 150.5 42.33 2.9631
3.781 150.5 43.12 3.0183999999999997
4.023 150.5 46.39 3.2473
4.157 150.5 46.39 3.2473
4.346 150.5 47.24 3.3068000000000004
4.589 150.5 47.24 3.3068000000000004
4.804 150.5 48.12 3.3684
4.913 150.5 45.55 3.1885
5.076 150.5 43.12 3.0183999999999997
5.212 150.5 40.81000000000001 2.8567
5.401 150.5 40.07 2.8049
5.51 150.5 37.93 2.6551
5.592 150.5 35.91 2.5137
5.701 150.5 33.99 2.3793000000000006
5.808 150.5 34.62 2.4234
6.296 150.5 30.46 2.1322000000000005
6.785 150.5 26.31 1.8417
7.3 150.5 22.32 1.5624
7.896 150.5 19.28 1.3496000000000001
8.305 150.5 15.48 1.0836000000000001
8.815 150.5 17.92 1.2544000000000002
9.836 150.5 23.150000000000002 1.6204999999999998
1.459 154.8 109.2 7.644000000000001
1.672 154.8 143.3 10.031
1.866 154.8 92.73 6.4911
2.06 154.8 62.21 4.3547
2.279 154.8 45.7 3.1990000000000003
2.47 154.8 38.81 2.7167000000000003
2.66 154.8 34.8 2.436
2.85 154.8 32.94 2.3057999999999996
2.931 154.8 31.77 2.2239
3.092 154.8 33.54 2.3478000000000003
3.281 154.8 35.4 2.4779999999999998
3.415 154.8 36.04 2.5228000000000006
3.469 154.8 36.7 2.5690000000000004
3.63 154.8 38.74 2.7118
3.818 154.8 41.64 2.9148
3.899 154.8 43.96 3.0772
3.953 154.8 43.96 3.0772
4.087 154.8 45.580000000000005 3.1906
4.275 154.8 48.11 3.3677000000000006
4.465 154.8 47.230000000000004 3.3061
4.653 154.8 48.08 3.3656
4.815 154.8 48.07 3.3649
4.923 154.8 48.06 3.3642000000000003
5.113 154.8 45.510000000000005 3.1857
5.275 154.8 43.09 3.0163
5.519 154.8 41.54 2.9078
5.655 154.8 37.93 2.6551
5.763 154.8 35.27 2.4689
5.871 154.8 36.57 2.5599000000000003
6.385 154.8 32.19 2.2533
6.899 154.8 27.82 1.9474
7.387 154.8 24.05 1.6835000000000002
7.982 154.8 21.16 1.4812
8.389 154.8 17.01 1.1907
8.903 154.8 16.1 1.127
9.417 154.8 13.92 0.9743999999999999
9.926 154.8 22.93 1.6051
1.535 159.1 113.3 7.931000000000001
1.722 159.1 149.0 10.43
1.914 159.1 96.04000000000002 6.7228
2.133 159.1 65.40000000000002 4.578
2.324 159.1 48.81000000000001 3.4167
2.541 159.1 39.9 2.793
2.731 159.1 36.41 2.5486999999999997
2.921 159.1 31.45 2.2015000000000002
3.028 159.1 32.02000000000001 2.2414000000000005
3.217 159.1 32.6 2.282
3.405 159.1 35.07000000000001 2.4549000000000003
3.513 159.1 37.04 2.5928
3.647 159.1 39.84000000000001 2.7888
3.889 159.1 42.07 2.9449000000000005
3.996 159.1 44.43 3.1101
4.158 159.1 46.07 3.2249
4.346 159.1 48.66 3.4061999999999997
4.535 159.1 48.64 3.4048
4.777 159.1 51.37 3.5958999999999994
4.966 159.1 51.35 3.5945000000000005
5.155 159.1 47.72 3.3404000000000003
5.263 159.1 47.71 3.3397
5.452 159.1 45.150000000000006 3.1605000000000003
5.588 159.1 43.52 3.0464
5.75 159.1 40.44 2.8308
5.831 159.1 38.28 2.6796
5.966 159.1 39.7 2.779
6.452 159.1 34.9 2.443
6.966 159.1 30.69 2.1483000000000003
7.479 159.1 25.54 1.7878000000000003
8.074 159.1 21.65 1.5155
8.479 159.1 21.64 1.5148000000000001
9.019 159.1 18.34 1.2838
9.533 159.1 15.54 1.0877999999999999
10.02 159.1 16.11 1.1277
1.618 163.3 110.5 7.734999999999999
1.834 163.3 135.0 9.450000000000001
2.023 163.3 95.4 6.678000000000001
2.211 163.3 59.36000000000001 4.1552
2.427 163.3 46.81 3.2767
2.616 163.3 38.29 2.6803
2.832 163.3 35.59 2.4913000000000007
3.02 163.3 31.31 2.1917
3.236 163.3 32.46 2.2721999999999998
3.452 163.3 35.55 2.4884999999999997
3.694 163.3 38.93 2.7251
3.91 163.3 41.87 2.9309
4.072 163.3 45.02 3.1514
4.234 163.3 46.68 3.2676
4.449 163.3 50.2 3.5140000000000002
4.611 163.3 50.19 3.5133
4.8 163.3 52.040000000000006 3.6428
5.043 163.3 52.98 3.7085999999999997
5.232 163.3 50.14 3.5098000000000003
5.528 163.3 47.45 3.3215000000000003
5.636 163.3 47.44 3.3207999999999998
5.771 163.3 44.91 3.1437
5.906 163.3 41.74000000000001 2.9218000000000006
6.014 163.3 41.73 2.9211000000000005
6.526 163.3 37.38 2.6166
7.011 163.3 32.28 2.2596000000000007
7.524 163.3 27.87 1.9509000000000003
8.09 163.3 24.51 1.7157000000000002
8.494 163.3 20.04 1.4028
9.007 163.3 18.96 1.3272000000000002
9.519 163.3 16.37 1.1459000000000004
10.0 163.3 18.59 1.3013000000000003
1.783 167.5 141.9 9.933000000000002
1.972 167.5 97.87000000000002 6.8509
2.161 167.5 65.03 4.552100000000001
2.377 167.5 48.3 3.381
2.566 167.5 40.1 2.8070000000000004
2.755 167.5 37.220000000000006 2.6054
2.971 167.5 32.07 2.2449
3.133 167.5 32.06 2.2442000000000006
3.214 167.5 32.66 2.2861999999999996
3.375 167.5 35.17 2.4619
3.456 167.5 36.5 2.555
3.645 167.5 40.79 2.8552999999999997
3.834 167.5 42.32 2.9624
3.942 167.5 44.73 3.1311
4.158 167.5 48.17 3.3719
4.347 167.5 50.91 3.5637
4.509 167.5 50.9 3.563
4.671 167.5 52.81 3.6967
4.86 167.5 54.800000000000004 3.8359999999999994
5.102 167.5 51.81 3.6267
5.238 167.5 52.77 3.6939
5.426 167.5 48.98 3.4286
5.615 167.5 48.06 3.3642000000000003
5.75 167.5 45.45 3.1815
5.858 167.5 42.98 3.0086
5.939 167.5 44.6 3.122
6.452 167.5 39.13 2.7391
6.938 167.5 34.98 2.4486
7.477 167.5 28.5 1.9950000000000003
8.071 167.5 24.54 1.7178
8.476 167.5 23.63 1.6541
9.474 167.5 17.53 1.2271
9.987 167.5 19.580000000000002 1.3705999999999998
