2.963 64.43 189.8 21.24346399272021
2.975 109.9 31.920000000000005 3.7773964578794215
2.977 116.6 23.0 3.004565858822203
3.057 109.9 33.8 3.9765744051884653
3.102 64.43 185.9 20.807916460087974
3.114 116.6 23.47 3.0496601859879404
3.12 90.0 59.17 6.710886323728037
3.138 54.73 268.1 30.0889516101841
3.139 109.9 26.95 3.2575182654898502
3.248 90.0 49.84 5.685305972416964
3.259 64.43 162.7 18.217447335178438
3.262 109.9 28.9 3.4601689265121145
3.263 116.6 32.6 3.96224885639456
3.289 54.73 271.5 30.4676551280206
3.371 109.9 29.08 3.478968812737475
3.415 90.0 50.38 5.744492057614842
3.424 64.43 169.9 19.021287743210237
3.429 116.6 28.010000000000005 3.4959858766877194
3.443 54.73 255.7 28.708117475724528
3.494 109.9 24.04 2.9591660987514707
3.568 90.0 49.48 5.645862555889932
3.577 64.43 167.40000000000003 18.742165360758083
3.58 116.6 28.530000000000005 3.548158289873776
3.594 54.73 256.3 28.77491979137388
3.603 109.9 24.22 2.9774568006941764
3.711 109.9 26.15 3.1749685431512553
3.721 90.0 48.59 5.548399341251494
3.73 116.6 34.22 4.129469820691271
3.731 64.43 160.80000000000004 18.0053398304503
3.833 109.9 31.59 3.7425586501750385
3.884 64.43 159.6 17.871381099680015
3.898 54.73 241.10000000000002 27.08302067716967
3.909 116.6 31.4 3.839194707227025
3.956 109.9 28.3 3.397612249801322
4.009 64.43 157.1 17.592310462528793
4.027 90.0 45.400000000000006 5.199700375983217
4.046 116.6 31.87 3.887303339077104
4.052 54.73 216.9 24.391494603652315
4.078 109.9 37.24 4.343715460294332
4.152 90.0 45.81 5.2444575744303625
4.195 116.6 42.72 5.022688124898858
4.203 64.43 160.2 17.938360081400976
4.205 54.73 203.8 22.935897279156098
4.228 109.9 37.48 4.369442069646879
4.329 64.43 153.5 17.190473740127118
4.334 116.6 36.31 4.346851417980606
4.354 54.73 226.5 25.45884932592202
4.444 90.0 43.97 5.043748135067809
4.446 109.9 36.1 4.221702144870005
4.461 125.3 44.23 5.007565170819047
4.473 90.0 41.28 4.751090822116538
4.51 116.6 47.26 5.507609372495475
4.511 64.43 145.5 16.29761907181537
4.554 109.9 43.26 4.992543339821899
4.556 90.0 41.55 4.780419986779403
4.584 90.0 40.25 4.639306548397078
4.606 116.6 49.31000000000001 5.727858871341018
4.611 125.3 46.03 5.20639596458049
4.621 64.43 149.9 16.788668422778503
4.636 109.9 45.150000000000006 5.197516257790832
4.644 54.73 222.2 24.980700230377852
4.647 116.6 47.73 5.558041674007131
4.694 90.0 44.78 5.132055046470176
4.7 54.73 211.4 23.780230949256993
4.704 125.3 54.6 6.155204926726649
4.706 64.43 137.6 15.416103995822029
4.721 90.0 47.660000000000004 5.446634649028701
4.77 109.9 59.35 6.750031499926501
4.776 64.43 134.90000000000003 15.114873053056053
4.791 90.0 43.71 5.01541974813674
4.794 116.6 67.19 7.67112229403234
4.802 125.3 49.33 5.571369574889104
4.811 109.9 66.4 7.526263614835718
4.819 64.43 130.9 14.66865322413752
4.839 54.73 201.0 22.624928375577237
4.858 90.0 53.67 6.105591310430138
4.864 109.9 76.98 8.695208393132393
4.885 90.0 55.160000000000004 6.269386253852924
4.888 116.6 76.13000000000001 8.652290289281792
4.91 90.0 63.6 7.1996099894369285
4.916 64.43 129.7 14.534799187123296
4.918 109.9 85.8 9.67228742335545
4.929 125.3 84.29 9.456854600764466
4.936 54.73 193.1 21.747873666177117
4.937 116.6 105.6 11.908270907230824
4.951 90.0 65.12 7.367500525958585
4.953 90.0 59.56 6.753873259101033
4.961 116.6 119.50000000000001 13.450577719934563
4.963 90.0 70.73 7.9878999273901785
4.975 90.0 77.74 8.764486807566088
4.983 109.9 110.4 12.405024949592
4.988 64.43 114.6 12.85102184302867
5.005 54.73 187.9 21.170852817021803
5.01 125.3 90.05000000000001 10.098741453270302
5.014 116.6 130.0 14.6172814161868
5.015 90.0 83.44 9.396824144358563
5.016 125.3 116.4 13.037793052890509
5.023 109.9 122.7 13.774025156068216
5.024 90.0 97.40000000000002 10.947916879479859
5.026 125.3 130.2 14.578153095985783
5.035 109.9 133.2 14.943582033769545
5.036 90.0 103.00000000000001 11.570863580563035
5.04 90.0 90.49 10.179778251514126
5.042 90.0 86.31 9.715455998047648
5.047 90.0 108.60000000000001 12.19413317952531
5.047 109.9 148.9 16.693494810853718
5.048 90.0 112.8 12.661768596843016
5.048 116.6 161.1 18.07844133215029
5.049 54.73 168.8 19.05368426315499
5.055 125.3 123.4 13.819064645988163
5.06 109.9 162.9 18.254801258846943
5.065 54.73 146.9 16.631897336142984
5.071 90.0 124.0 13.90943507120257
5.074 116.6 169.8 19.04771419357189
5.077 64.43 81.6 9.176941887687859
5.078 125.3 138.7 15.52717529655668
5.083 90.0 128.2 14.377513136839763
5.086 109.9 170.0 19.04685391344198
5.098 116.6 183.7 20.596991066658255
5.099 109.9 180.5 20.218451201810687
5.1 90.0 121.30000000000001 13.608582181843927
5.101 90.0 115.8 12.995879500826403
5.109 64.43 55.42 6.275067123943774
5.11 90.0 132.5 14.856833747471228
5.112 54.73 94.73 10.910868217057706
5.112 109.9 184.0 20.609042772530703
5.121 116.6 204.4 22.90539054458579
5.123 90.0 133.9 15.01291140984986
5.123 109.9 206.7 23.14289888929215
5.125 64.43 44.4 5.062238873265465
5.127 54.73 75.52000000000001 8.841140424176057
5.129 64.43 20.94 2.542696877333199
5.137 116.6 195.9 21.957345946174826
5.145 125.3 145.8 16.320004524815552
5.157 64.43 15.46 1.9929644778570441
5.164 109.9 210.3 23.54482467549929
5.165 90.0 134.1 15.035208977596552
5.165 109.9 199.8 22.37259806102099
5.165 116.6 192.5 21.578184376819102
5.166 90.0 129.9 14.567000686483132
5.181 90.0 125.8 14.110027781687746
5.185 54.73 50.97 6.272889704912721
5.193 109.9 191.1 21.401466515171336
5.197 90.0 121.6 13.642008063331438
5.203 125.3 134.90000000000003 15.102886237074024
5.213 54.73 51.09 6.285080369414539
5.221 125.3 118.3 13.249836704276776
5.225 90.0 120.3 13.497166702682456
5.225 109.9 140.5 15.757086310609587
5.228 64.43 8.68 1.3878193001972554
5.228 116.6 154.8 17.376792454305253
5.235 125.3 65.76000000000002 7.394374056673087
5.242 109.9 107.3 12.06021430157856
5.245 90.0 100.9 11.337217868595454
5.25 90.0 92.60000000000001 10.414263488120511
5.262 90.0 85.6 9.636616833723338
5.267 64.43 23.93 2.8534757156842954
5.27 109.9 103.9 11.68215600820328
5.271 109.9 89.88 10.124861678067509
5.291 54.73 92.74000000000001 10.69503291252533
5.292 64.43 39.17 4.490308860201044
5.297 125.3 39.63 4.500417640619591
5.3 109.9 68.96 7.80872358327531
5.302 109.9 53.24 6.079791443791473
5.304 90.0 89.95 10.119778419016894
5.323 90.0 73.3 8.272454835174381
5.33 54.73 112.2 12.815435380821052
5.331 64.43 53.04 6.012468911354137
5.351 90.0 73.39 8.282423271603548
5.37 64.43 68.3 7.7003498238716395
5.38 116.6 26.15 3.3109964134683083
5.386 109.9 27.16 3.279247474650244
5.394 90.0 70.74 7.989006759291169
5.397 64.43 75.25 8.471498902791643
5.398 54.73 115.20000000000002 13.14392954941558
5.41 90.0 62.440000000000005 7.07154891095296
5.411 125.3 21.95 2.577708078894893
5.426 90.0 55.52000000000001 6.308982802322416
5.441 109.9 22.01 2.7546588264247904
5.464 54.73 143.1 16.21249545875033
5.469 109.9 18.56 2.4163120659385036
5.469 125.3 12.42 1.5969510606151964
5.478 64.43 90.57 10.174518350270935
5.479 116.6 16.15 2.3822672499113104
5.483 90.0 51.53 5.870617109810517
5.495 90.0 57.14 6.487266681738928
5.496 109.9 16.86 2.2551915661424418
5.509 116.6 2.476 1.5784638735175411
5.524 125.3 8.426000000000002 1.228623677128192
5.532 64.43 96.19 10.800033039764276
5.533 54.73 140.6 15.936730655940698
5.546 54.73 148.9 16.852744850617064
5.553 90.0 50.36 5.742299539383156
5.565 109.9 15.23 2.1052447007414608
5.601 54.73 151.9 17.18414993533285
5.604 116.6 6.251 1.7039229772791962
5.606 125.3 8.654 1.2482764677746676
5.609 90.0 50.54 5.762033408441849
5.67 64.43 103.3 11.591824162313712
5.695 54.73 171.6 19.363803448702942
