3.98 116.8 30.75 1.6167579441586177
4.001 63.4 154.3 7.731185226082739
4.101 116.8 30.8 1.6191355718407276
4.213 63.4 146.4 7.3370566305569715
4.241 116.8 34.13 1.778241336264569
4.363 116.8 34.19 1.7811205040647866
4.399 63.4 140.2 7.0278090469220915
4.443 116.8 37.49 1.9400387238403258
4.563 116.8 39.18 2.02180142447274
4.575 90.0 42.36 2.176217819980344
4.581 106.6 36.1 1.8729722368470925
4.602 63.4 134.0 6.71863081289633
4.623 73.7 81.35 4.098116183077293
4.669 63.4 132.4 6.63885532302068
4.675 90.0 41.65 2.1416830414419405
4.682 106.6 42.81 2.198121982511435
4.708 73.7 78.69 3.966142994144312
4.77 63.4 131.1 6.574041755267455
4.783 116.8 48.25 2.463768708706237
4.793 73.7 76.03 3.834240765784016
4.804 106.6 49.53 2.5264703144901586
4.806 54.7 210.10000000000002 10.516892364192
4.861 116.8 57.26 2.906332568719554
4.876 90.0 43.95 2.253665070501826
4.896 73.7 67.65 3.419255218611211
4.897 63.4 125.6 6.2998730145932305
4.925 106.6 66.25 3.350023320814349
4.936 116.8 75.24 3.795081553800919
4.942 54.7 196.3 9.827727356820601
4.973 116.8 86.67 4.362249677631944
4.994 90.0 52.36000000000001 2.6653187426647493
4.999 54.7 185.8 9.303445598271644
5.001 54.7 190.7 9.548100596453725
5.002 73.7 63.23 3.2007940030561164
5.006 106.6 86.28000000000002 4.342878768743148
5.01 63.4 116.70000000000002 5.856383269561513
5.036 54.7 177.7 8.899057534368456
5.05 116.8 98.94 4.972203636216039
5.066 116.8 112.0 5.62227711874824
5.076 73.7 48.29 2.4657271239940566
5.081 63.4 86.82 4.369700332974792
5.082 90.0 76.0 3.8327535793473606
5.109 54.7 156.7 7.850937842067022
5.121 116.8 130.80000000000004 6.559085302082906
5.133 116.8 156.9 7.8609175673072675
5.144 63.4 36.69 1.9014179577357528
5.147 116.8 176.5 8.83915295715602
5.148 106.6 135.5 6.79342513022702
5.166 90.0 122.0 6.120457499239743
5.192 73.7 30.270000000000003 1.5939517715414104
5.206 63.4 10.82 0.7366688536920779
5.206 116.8 179.8 9.003893602214545
5.209 90.0 130.4 6.539143674824709
5.233 63.4 5.517 0.571045727153264
5.234 116.8 156.1 7.8209989771128345
5.249 63.4 7.188 0.6157664817120204
5.267 90.0 127.7 6.404547212723161
5.269 106.6 183.0 9.16365101910805
5.29 73.7 41.63 2.1407106880659983
5.301 63.4 21.840000000000003 1.2010262278568276
5.308 116.8 115.4 5.791623261228238
5.31 106.6 129.7 6.504246689663607
5.323 90.0 113.8 5.71192611997039
5.324 63.4 26.17 1.4007755887364688
5.338 116.8 83.58 4.208805174868516
5.351 63.4 41.47 2.132932781406859
5.361 90.0 95.86 4.819009130516355
5.388 73.7 52.56 2.6751418653970487
5.393 63.4 58.77 2.980735186157938
5.406 116.8 61.59 3.1198269583424016
5.409 90.0 82.65 4.1626381358460645
5.41 54.7 94.53 4.752873052165395
5.431 106.6 58.99 2.991579891963442
5.434 116.8 35.51 1.844559635793866
5.435 54.7 108.2 5.4330562301526015
5.438 116.8 23.27 1.2663855060762501
5.459 63.4 80.07 4.034601870073428
5.473 90.0 70.12 3.5414737045473035
5.48 54.7 122.7 6.155341176571775
5.492 106.6 33.2 1.733666634621547
5.505 73.7 61.73 3.1267366774322394
5.52 116.8 18.42 1.0479699423170497
5.545 54.7 134.0 6.71863081289633
5.548 63.4 88.1 4.433286027316532
5.555 90.0 62.99 3.1889418699625116
5.562 116.8 13.54 0.8416228371426241
5.598 73.7 66.95 3.3846353200898918
5.613 106.6 23.26 1.2659261431852968
5.62 63.4 93.46000000000001 4.69967328651684
5.629 90.0 57.55 2.920617443281472
5.63 54.7 147.60000000000002 7.3969182772287
5.665 116.8 8.697 0.6626420772181616
5.714 106.6 19.15 1.080188062329889
5.752 54.7 150.8 7.556560063944441
5.762 90.0 50.07 2.5529418814379623
5.767 116.8 6.298 0.590899323066121
5.774 63.4 103.50000000000001 5.199098479544314
5.775 106.6 17.51 1.008216370626861
5.817 73.7 66.43 3.3589227811904228
5.834 54.7 154.8 7.7561330571361395
5.856 106.6 15.05 0.9034690088763423
5.868 116.8 6.345 0.5921550155998004
5.87 70.1 75.56 3.8109426655356557
5.895 98.4 30.020000000000003 1.5820875449860543
5.896 106.6 16.74 0.974971281628336
5.902 90.0 43.26 2.220038062736763
5.904 73.7 65.08 3.2921901524668957
5.915 63.4 105.6 5.303621404285943
5.956 54.7 156.4 7.83596835113568
6.07 116.8 5.624 0.5736492308022386
6.077 54.7 156.3 7.83097854677179
6.082 63.4 105.0 5.273755777432247
6.085 90.0 39.47 2.035854181909893
6.099 70.1 71.02 3.5860285832658945
6.1 73.7 64.13 3.2452491814959297
6.112 98.4 26.87 1.433524415557684
6.119 106.6 15.180000000000001 0.9088899823410971
6.218 54.7 157.1 7.870897344013578
6.233 63.4 104.1 5.228960221688438
6.272 116.8 8.981 0.6720460568294409
6.302 90.0 36.69 1.9014179577357528
6.308 98.4 25.04 1.3481483597883432
6.314 70.1 71.12 3.5909798105809507
6.318 73.7 62.300000000000004 3.154873214568218
6.321 106.6 15.270000000000001 0.9126512203465244
6.339 54.7 156.20000000000002 7.825988755422536
6.383 63.4 104.6 5.253846210158803
6.476 70.1 69.35 3.5033635623497603
6.494 90.0 35.61 1.8493729342671803
6.494 116.8 9.085 0.6755316887459832
6.507 98.4 27.6 1.467787450552702
6.515 73.7 61.35 3.107982665653076
6.52 54.7 155.3 7.7810812230691955
6.523 106.6 17.03 0.9874473403680827
6.535 63.4 99.99 5.024440292211662
6.675 116.8 13.25 0.8300037650517015
6.68 54.7 152.8 7.65634377493592
6.686 63.4 97.76000000000002 4.913506283704133
6.7 70.1 70.14000000000001 3.5424636907101816
6.705 98.4 27.96 1.4847235432901307
6.71 73.7 58.64000000000001 2.974327487012821
6.711 90.0 36.89 1.9110678297747572
6.726 106.6 17.96 1.0278151584793835
6.78 54.7 150.4 7.53660400976461
6.877 116.8 14.16 0.8667548673067835
6.904 98.4 29.21 1.5437163761520445
6.907 63.4 87.6 4.408446438372593
6.911 90.0 37.5 1.9405218370325032
6.921 54.7 147.9 7.41188403848846
6.926 73.7 54.18 2.7547560690558432
6.928 106.6 21.39 1.1806058825874113
7.092 70.1 65.37 3.3065226825170884
7.1 54.7 142.9 7.162473385639908
7.1 73.7 52.36000000000001 2.6653187426647493
7.103 98.4 31.33 1.6443607420514512
7.105 98.4 32.64 1.7068755080555817
7.116 63.4 86.73 4.365229919488778
7.121 90.0 40.81000000000001 2.100866547403714
7.13 106.6 23.16 1.2613342142350694
7.139 116.8 17.54 1.0095191924871958
7.261 54.7 141.3 7.082670753324625
7.295 70.1 61.18 3.0995936830494415
7.305 98.4 35.64 1.8508171168432608
7.313 90.0 40.74 2.0974672822239686
7.318 63.4 83.53 4.206322889413032
7.332 106.6 27.42 1.4593289553764086
7.481 54.7 136.3 6.8333172764039
7.489 70.1 54.59 2.774918061853359
7.501 116.8 23.42 1.2732796236491024
7.505 98.4 39.07 2.0164727248341348
7.51 73.7 44.75 2.292685379636726
7.512 63.4 77.67 3.9155551649798017
7.522 90.0 42.7 2.1927665174386446
7.555 106.6 30.85 1.6215135676274806
7.69 70.1 45.07 2.3083028939027908
7.703 116.8 22.700000000000003 1.2402519905245062
7.708 98.4 44.26 2.2687813909674066
7.715 90.0 47.03 2.404069934506898
7.717 63.4 67.16 3.395020471219577
7.719 54.7 124.10000000000001 6.225112448783555
7.737 106.6 37.6 1.9453534383242548
7.769 73.7 39.83 2.0533076364734053
7.892 70.1 38.65 1.9961353285787016
7.902 116.8 31.760000000000005 1.6648555492894874
7.906 63.4 54.32 2.7616400924088578
7.908 90.0 51.7 2.6329118861063314
7.911 98.4 50.33 2.565691378556665
7.916 54.7 111.1 5.577456857744396
7.919 106.6 43.52 2.2327059815389934
7.921 73.7 37.580000000000005 1.9443870499465892
8.008 90.0 53.690000000000005 2.7306666310628254
8.01 70.1 33.63 1.7542640194679935
8.022 116.8 35.9 1.863337060222868
8.024 98.4 54.67 2.77885268591194
8.026 63.4 46.09 2.3581179465836732
8.027 73.7 33.15 1.7312730142874637
8.061 106.6 46.09 2.3581179465836732
8.072 54.7 98.16 4.933402882392639
8.11 70.1 27.75 1.4748410931351217
8.121 63.4 39.5 2.0373082731879335
8.123 116.8 35.95 1.8657454944337937
8.125 90.0 54.660000000000004 2.7783608476941937
8.137 98.4 58.57000000000001 2.970877353577559
8.162 106.6 50.3 2.564220154354926
8.203 70.1 25.140000000000004 1.3527930366467742
8.203 116.8 39.25 2.0251928920475697
8.218 90.0 57.0 2.8935272592460577
8.221 73.7 29.13 1.5399325472240661
8.223 63.4 33.25 1.7360605548194452
8.225 98.4 58.54 2.9693987606921373
8.243 106.6 53.67 2.7296835439295895
8.287 54.7 79.52 4.007315310778527
8.304 116.8 39.29 2.0271310391782773
8.311 70.1 19.95 1.1157984809095234
8.317 98.4 63.33 3.2057327165563883
8.318 63.4 27.0 1.439618004888797
8.318 90.0 54.94 2.7921334137179046
8.327 73.7 24.710000000000004 1.3328391688422125
8.344 106.6 54.550000000000004 2.7729508199749957
8.345 54.7 70.62 3.5662250349634417
8.411 73.7 20.73 1.1507963547039937
8.413 70.1 16.49 0.9642615049871067
8.421 63.4 20.08 1.1216131240316334
8.428 90.0 64.7 3.273411828658289
8.431 98.4 67.68 3.4207391014223814
8.445 116.8 42.62 2.1888720839738443
8.465 106.6 59.61000000000001 3.0221482839199
8.506 116.8 41.83 2.150435362897476
8.514 63.4 17.15 0.9926259365944452
8.514 70.1 14.050000000000002 0.862268084762506
8.519 90.0 62.98 3.1884480550888705
8.521 73.7 21.13 1.1688422690850977
8.541 98.4 68.07 3.4400308501523646
8.566 106.6 57.99 2.942295065081
8.582 54.7 58.42 2.96348460431297
8.607 73.7 18.9 1.0691234727570058
8.607 116.8 41.07 2.113495268506651
8.608 70.1 12.3 0.7926064597263891
8.616 63.4 13.89 0.855762963676274
8.627 106.6 59.68000000000001 3.0256001057641444
8.631 98.4 70.67 3.568700358674009
8.708 63.4 11.29 0.7540956504316942
8.709 116.8 38.67 1.9971034650212798
8.717 98.4 69.32 3.5018789242348167
8.719 70.1 12.09 0.7844872529238446
8.72 73.7 21.930000000000003 1.205119184977154
8.728 90.0 63.92 3.2348749589435446
8.748 106.6 56.41 2.864475562821229
8.806 70.1 13.26 0.8304029142530751
8.806 73.7 20.58 1.1440458906879567
8.811 116.8 36.27 1.8811651309760131
8.817 63.4 11.350000000000001 0.7563440024221783
8.824 98.4 65.78 3.32678839122659
8.829 90.0 65.24 3.3000975743150383
8.842 54.7 51.85 2.640275790518862
8.85 106.6 56.46 2.8669372159152706
8.91 98.4 63.55 3.216598552819422
8.913 116.8 32.24 1.6877630165399409
8.917 73.7 21.42 1.1819648894954538
8.918 70.1 14.26 0.8708438436367338
8.925 63.4 12.42 0.7972709702478825
8.937 90.0 62.84 3.181534849722694
8.971 106.6 52.35 2.6648276210666992
8.975 116.8 29.82 1.572603255751431
9.007 73.7 24.45 1.320797581009293
9.014 70.1 16.8 0.977547952787995
9.016 63.4 14.46 0.8790500554575946
9.018 98.4 61.760000000000005 3.1282173837506884
9.037 90.0 60.1 3.0463133456688265
9.052 106.6 48.23 2.462789526126827
9.057 116.8 26.59 1.4204120000901148
9.064 54.7 51.75000000000001 2.63536643562143
9.11 70.1 19.87 1.1122240107100727
9.118 73.7 25.29 1.3597647774523356
9.123 63.4 17.19 0.9943541874000432
9.125 98.4 57.77 2.931455653766572
9.128 90.0 57.7 2.9280070013577495
9.153 106.6 44.11000000000001 2.261466393736595
9.186 54.7 54.92 2.79114958395282
9.2 116.8 22.58 1.2347635401160824
9.206 70.1 22.58 1.2347635401160824
9.213 63.4 20.56 1.143146534788957
9.23 98.4 53.35 2.7139558305175124
9.231 73.7 29.63 1.5635991334098391
9.234 106.6 42.48 2.182057744423827
9.236 90.0 55.63 2.8260824917188816
9.302 116.8 18.55 1.0536869791356445
9.308 54.7 57.29 2.9078102156089893
9.309 70.1 23.920000000000005 1.2963086052325659
9.319 63.4 25.61 1.3746564116170992
9.328 90.0 53.91 2.7414813969822958
9.337 98.4 49.8 2.539704707244526
9.342 73.7 30.47 1.6034501083600947
9.355 106.6 37.54 1.9424543752685672
9.389 54.7 60.470000000000006 3.064563957563947
9.406 70.1 28.02 1.4875486546664616
9.409 73.7 32.2 1.685852899869974
9.419 90.0 49.15 2.5078489288631407
9.42 98.4 44.07 2.2595159326723055
9.424 116.8 16.98 0.9852923424040196
9.427 63.4 28.34 1.5026273656499138
9.457 106.6 34.26 1.784480036313099
9.505 98.4 40.97 2.1086375340489414
9.519 70.1 31.240000000000002 1.640074388556812
9.521 73.7 33.91 1.7676878259466515
9.534 63.4 31.060000000000002 1.6315051333048265
9.535 90.0 46.06 2.356652074447987
9.546 116.8 13.77 0.8509008461624655
9.558 106.6 30.14 1.587781156205099
9.607 116.8 12.17 0.7875736473498843
9.612 54.7 63.6 3.219068188156318
9.614 70.1 31.73 1.6634248555315025
9.626 90.0 42.31 2.1737847754550126
9.628 73.7 31.68 1.661040637672661
9.635 98.4 38.730000000000004 2.000008062483749
9.659 106.6 26.86 1.433055825849084
9.7 70.1 32.56 1.7030513791427437
9.709 116.8 10.59 0.7282652332769979
9.714 54.7 65.17 3.2966380222887683
9.716 63.4 33.83 1.7638515385371865
9.719 73.7 34.71000000000001 1.8060897679794323
9.719 98.4 35.19 1.8291638116910143
9.726 90.0 40.59 2.0901842622123055
9.74 106.6 25.230000000000004 1.3569754050829368
9.812 70.1 32.18 1.6848979197565652
9.823 63.4 36.22 1.8787551729802372
9.826 90.0 42.24 2.1703787687866836
9.851 73.7 34.66 1.8036876115336602
9.852 73.7 36.42 1.8883964096555577
9.861 106.6 24.46 1.3212603831190883
9.891 116.8 9.041 0.6740543023377271
9.907 70.1 34.38 1.790240486638597
9.914 63.4 38.27 1.9777467608366852
9.915 98.4 33.36 1.7413282286806244
9.926 90.0 38.49 1.9883913724415523
9.957 54.7 68.28 3.4504196846180903
9.962 106.6 23.670000000000005 1.2847849041765707
10.01 70.1 35.21 1.8301257470458148
10.02 63.4 39.33 2.029069306356981
10.02 98.4 31.13 1.634837071392743
10.03 90.0 38.11 1.970007677650014
10.03 116.8 7.476 0.6242807381298898
10.05 73.7 36.78 1.9057599534044154
10.08 106.6 20.4 1.135957745693034
10.1 54.7 69.83 3.5271195400779947
10.1 63.4 42.37 2.1767044470942767
10.1 70.1 36.21 1.8782732096263315
10.11 98.4 31.54 1.6543666461821578
10.13 90.0 38.08 1.9685568317932807
10.14 73.7 38.06 1.9675896421764376
10.14 106.6 22.090000000000003 1.2124026765064488
10.15 116.8 8.348 0.6513238518586587
10.2 70.1 38.92 2.0092078040859787
10.22 63.4 41.78 2.1480039571658147
10.22 90.0 38.05 1.9671060596724317
10.22 98.4 31.060000000000002 1.6315051333048265
10.23 73.7 37.150000000000006 1.923618010416829
10.24 116.8 5.939 0.5815318585425909
10.27 106.6 20.49 1.1400001096491175
10.28 54.7 69.75 3.523159980755912
10.3 70.1 38.21 1.974844360956073
10.3 98.4 27.08 1.4433696685187756
10.32 63.4 45.49 2.3288087620068767
10.32 116.8 5.977 0.5825043540609804
10.33 90.0 34.29 1.7859200010078837
10.34 73.7 40.18 2.070285246047027
10.37 106.6 17.2 0.9947864092356711
10.38 70.1 40.41 2.0814466723891822
10.4 116.8 7.646 0.6294070940178543
10.42 63.4 45.220000000000006 2.3156254014844455
10.42 98.4 27.48 1.4621477353537158
10.43 90.0 34.26 1.784480036313099
10.45 73.7 40.14 2.0683445070877338
10.47 106.6 17.25 0.9969484690795207
10.51 70.1 40.71 2.0960105557940305
10.52 54.7 72.86 3.677152294915184
10.52 98.4 26.12 1.3984405600525183
10.53 63.4 46.28 2.3674027963149826
10.53 90.0 35.91 1.863818727773707
10.54 116.8 4.45 0.54727164187449
10.55 106.6 15.620000000000001 0.9273408219203985
10.56 73.7 41.85000000000001 2.1514079692145796
10.6 70.1 41.37 2.128072425929155
10.62 90.0 31.49 1.6519837317600923
10.63 98.4 24.77 1.3356205486589372
10.64 63.4 49.0 2.500499950009998
10.65 73.7 42.26 2.1713518830442937
10.67 106.6 15.68 0.9298688079508851
10.68 54.7 71.98 3.6335658794082715
10.71 70.1 43.23 2.2185766270291407
10.73 90.0 33.14 1.7307943263137884
10.74 98.4 25.6 1.3741906709041507
10.75 106.6 15.72 0.931555688083112
10.76 73.7 42.66 2.190819253156225
10.76 116.8 4.554000000000001 0.5494063068440332
10.82 116.8 2.951 0.5213166048573554
10.83 63.4 50.78 2.5877637063688796
10.83 70.1 40.78 2.0994096789335814
10.83 90.0 32.43 1.6968388992476569
10.84 73.7 38.68 1.9975875450152367
10.85 98.4 24.68 1.3314488349163105
10.85 106.6 14.94 0.8988932083401231
10.91 54.7 73.5 3.708857640837674
10.92 70.1 41.61 2.1397383601739723
10.93 63.4 49.85000000000001 2.5421558272458444
10.93 90.0 31.04 1.6305532803315568
10.94 98.4 23.78 1.2898530924101397
10.94 116.8 3.0080000000000005 0.5221304051671384
10.95 73.7 42.14 2.1655135649540505
10.97 106.6 13.33 0.8332000060009601
11.11 54.7 78.24 3.9438235254635825
11.13 70.1 43.78 2.24537769651344
11.13 98.4 21.95 1.2060291248556148
11.13 116.8 3.093 0.5233704448094103
11.14 63.4 51.31 2.613769356695422
11.14 90.0 30.970000000000002 1.627222249724972
11.15 73.7 40.75 2.097952871253308
11.18 106.6 11.76 0.7718445439335566
11.29 54.7 79.77 4.019717931646448
11.31 116.8 2.363 0.5137698147030438
11.32 70.1 42.17 2.1669730616692036
11.33 63.4 53.42 2.717395996169863
11.33 90.0 30.57 1.6082015576413302
11.35 54.7 78.13 3.938367967826267
11.35 73.7 38.93 2.0096920784040524
11.35 98.4 20.55 1.1426969195722898
11.38 106.6 11.02 0.7440436815133907
11.51 70.1 43.14000000000001 2.214192629379838
11.53 54.7 76.44 3.8545666423088343
11.53 63.4 52.87 2.690370281206659
11.53 90.0 27.46 1.4612080618447192
11.55 73.7 39.73 2.0484585058038154
11.55 98.4 19.6 1.1001818031580053
11.55 116.8 3.292 0.526396390565133
11.6 106.6 11.13 0.7481258249786595
11.71 54.7 79.58 4.010291884638822
11.71 70.1 40.84 2.102323476537329
11.71 116.8 2.552 0.5160249606365955
11.73 98.4 20.85 1.156203377438416
11.74 63.4 49.34 2.5171589143317914
11.74 73.7 36.59 1.896594382043773
11.74 90.0 27.72 1.4734300119109836
11.78 106.6 9.55 0.6913799606583922
11.92 70.1 38.02 1.9656553614507302
11.92 90.0 26.98 1.4386802980509603
11.93 54.7 75.45 3.8054902772179044
11.94 63.4 46.81 2.3933115655927457
11.94 73.7 34.32 1.7873600644525993
11.94 98.4 18.14 1.0356876942399191
11.96 106.6 9.637000000000002 0.6943914043966847
11.96 116.8 1.849 0.5084751739269087
